N, 4, 8, 16, 32, 64, 128, 256, 512, 1024, 2048, 4096, 8192, 16384, 32768, 65536, 131072, 262144, 524288, 1048576, 2097152, 4194304, 8388608, 16777216, 33554432, 67108864, 134217728
1024, 1.30175, 1.31745, 0.812839, 0.708859, 0.415849, 0.245534, 0.109052, -0.122637
2048, 1.29212, 1.2954, 1.30567, 0.799505, 0.668898, 0.432847, 0.220477, 0.117027, -0.0942266
4096, 1.29446, 1.30604, 1.30288, 1.30921, 0.789874, 0.667552, 0.415952, 0.222157, 0.107977, -0.116556
8192, 1.28056, 1.28799, 1.29226, 1.29885, 1.29983, 0.765969, 0.673153, 0.409503, 0.222555, 0.107382, -0.116053
16384, 1.2926, 1.28984, 1.29415, 1.29379, 1.29336, 1.29894, 0.777465, 0.674972, 0.409513, 0.221504, 0.112448, -0.105649
32768, 1.2841, 1.31088, 1.31142, 1.29355, 1.31096, 1.32475, 1.36068, 0.773701, 0.678914, 0.405647, 0.221326, 0.114863, -0.111359
65536, 1.29689, 1.29622, 1.29398, 1.31595, 1.34104, 1.30393, 1.33264, 1.38977, 1.58601, 1.55551, 1.09309, 0.221638, 0.120008, -0.111064
131072, 1.29438, 1.29368, 1.29071, 1.29131, 1.31615, 1.29867, 1.35583, 1.35478, 1.43563, 2.06421, 1.92733, 1.18481, 0.260215, 0.109468, -0.229632
262144, 1.31224, 1.31021, 1.31391, 1.32581, 1.33492, 1.33841, 1.32124, 1.34671, 1.41822, 3.03537, 2.93961, 1.81725, 1.22057, 0.221874, 0.123101, -0.11973
524288, 1.34484, 1.32159, 1.33169, 1.34069, 1.34582, 1.44657, 1.43521, 1.46186, 1.39509, 2.97761, 3.20907, 2.95934, 1.82779, 1.19328, 0.211625, 0.126339, -0.117499
1048576, 1.30208, 1.30628, 1.33002, 1.34481, 1.39781, 1.53894, 1.52399, 1.76858, 1.56689, 3.27574, 3.25683, 3.15208, 2.41875, 1.85283, 1.18437, 0.227161, 0.110673, -0.102386
2097152, 1.29139, 1.29048, 1.29815, 1.30154, 1.30389, 1.48479, 1.51636, 1.78817, 1.74804, 3.76506, 3.64091, 3.5715, 3.07611, 4.4167, 5.2672, 4.1193, 0.183633, 0.119035, -0.1266
4194304, 1.29731, 1.29191, 1.2944, 1.29744, 1.29752, 1.49108, 1.49775, 1.79774, 1.80869, 3.95063, 3.94728, 3.99836, 3.17075, 4.67974, 7.52515, 6.95823, 1.21164, 0.239077, 0.137925, -0.0756253
8388608, 1.31376, 1.31427, 1.36379, 1.32031, 1.31738, 1.54871, 1.51125, 1.8797, 1.86662, 4.06016, 4.10359, 4.14891, 3.30666, 5.36797, 13.4869, 8.26227, 2.02944, 1.12993, 0.255478, 0.14397, -0.10451
16777216, 1.3009, 1.35061, 1.31437, 1.38061, 1.44881, 2.01602, 1.67005, 1.8413, 1.81496, 4.07348, 4.13498, 4.09272, 3.45698, 5.48134, 14.2848, 10.4088, 2.71728, 1.95377, 1.06803, 0.228467, 0.128998, -0.115102
33554432, 1.29825, 1.32534, 1.40095, 1.51685, 2.5858, 6.24351, 5.69818, 4.2959, 1.8762, 4.08921, 4.12803, 4.13048, 3.45885, 5.68311, 15.4136, 10.9853, 2.54696, 2.54607, 1.70192, 1.10484, 0.238281, 0.14475, -0.115708
67108864, 1.29931, 1.3161, 1.36915, 1.46971, 2.57236, 6.21839, 6.36812, 6.3138, 4.9641, 4.68685, 4.50676, 4.41633, 3.73893, 5.55928, 13.6653, 9.85301, 3.58956, 3.82263, 2.48094, 1.82816, 1.20258, 0.24282, 0.152639, -0.0911481
134217728, 1.33591, 1.33322, 1.36893, 1.58009, 2.58062, 6.33307, 6.55342, 6.12264, 6.27502, 14.9912, 5.74514, 4.32739, 3.68854, 5.70083, 14.4454, 10.3496, 3.41849, 4.2874, 4.45044, 2.53996, 1.87449, 1.23586, 0.236007, 0.128199, -0.100932
0
