N, 4, 8, 16, 32, 64, 128, 256, 512, 1024, 2048, 4096, 8192, 16384, 32768, 65536, 131072, 262144, 524288, 1048576, 2097152, 4194304, 8388608, 16777216, 33554432, 67108864, 134217728
1024, 1.95455, 1.74336, 1.0312, 0.910679, 0.542599, 0.641207, 0.552357, 0.552426
2048, 1.68761, 1.7155, 1.72471, 0.971468, 0.758997, 0.538178, 0.55166, 0.554066, 0.300133
4096, 1.67133, 1.68039, 1.70054, 1.74077, 0.990111, 0.73198, 0.513832, 0.593379, 0.508992, 0.287496
8192, 1.7013, 1.71985, 1.76552, 1.71951, 1.75333, 0.938707, 0.78273, 0.530297, 0.47313, 0.495968, 0.273562
16384, 1.69149, 1.7003, 1.71169, 1.89778, 1.7741, 1.75052, 1.00377, 0.746035, 0.533191, 0.46679, 0.499967, 0.277326
32768, 1.72148, 1.72721, 1.75651, 1.8807, 2.25338, 2.17182, 1.99323, 1.03353, 0.760697, 0.542449, 0.501395, 0.494712, 0.272559
65536, 1.6871, 1.71911, 1.75847, 1.95304, 4.54139, 4.38302, 4.29605, 4.15951, 2.46449, 1.78646, 1.04726, 0.46277, 0.494163, 0.270263
131072, 1.68972, 1.72168, 1.79067, 2.13093, 4.81353, 4.88593, 5.284, 5.39854, 5.45077, 3.47141, 2.43277, 1.12891, 0.455197, 0.492771, 0.272615
262144, 1.89964, 1.79489, 1.87081, 2.15742, 4.7258, 5.14862, 6.25796, 6.73747, 6.72026, 8.15757, 4.64602, 2.3308, 1.16052, 0.461354, 0.498089, 0.286234
524288, 1.74637, 1.79252, 1.88475, 2.29468, 4.89994, 5.89479, 8.46246, 10.1258, 11.5421, 13.8894, 15.3588, 6.32062, 4.00642, 2.5881, 0.663565, 0.491575, 0.281736
1048576, 1.75648, 1.86391, 1.98654, 2.67875, 5.51845, 8.13756, 9.04105, 11.0673, 11.6757, 14.1742, 15.1115, 14.4516, 6.42899, 3.1001, 1.88607, 0.623457, 0.491756, 0.280141
2097152, 1.78343, 1.95063, 2.34668, 3.38166, 6.83007, 18.8115, 21.2836, 17.8136, 19.7564, 20.6019, 20.3224, 15.2577, 14.7057, 7.59099, 3.32267, 1.88828, 0.735908, 0.50573, 0.271639
4194304, 1.86059, 1.96813, 2.39713, 3.8212, 7.58196, 21.6761, 41.2133, 42.8259, 49.3625, 55.2667, 64.728, 26.4058, 15.5121, 14.8498, 6.30026, 3.7112, 1.87724, 0.627819, 0.498137, 0.2794
8388608, 1.81009, 2.01056, 2.48389, 3.82302, 7.81594, 20.9754, 43.9925, 48.4311, 60.1305, 74.1221, 84.1251, 54.9753, 29.5241, 15.2303, 14.6975, 6.24897, 4.16694, 1.91756, 0.631104, 0.492642, 0.278322
16777216, 1.82255, 1.98492, 2.41139, 3.77352, 7.8291, 20.8945, 44.0573, 50.4863, 61.8113, 82.1934, 92.0713, 83.364, 54.8235, 24.587, 15.1996, 14.9148, 6.29576, 3.04679, 2.02744, 0.668316, 0.501904, 0.272281
33554432, 1.80736, 1.97062, 2.39644, 3.89367, 7.82551, 21.2649, 43.0992, 50.6374, 61.9103, 82.1733, 94.2833, 91.6422, 84.2033, 56.2151, 24.4535, 15.5351, 15.0116, 6.65, 3.28134, 2.02493, 0.629593, 0.48949, 0.27835
67108864, 2.0679, 2.03064, 2.48248, 3.83674, 8.09416, 21.0086, 49.3417, 55.3383, 63.1199, 85.183, 98.6941, 95.9701, 94.43, 89.4582, 59.4874, 29.9076, 15.4038, 14.9161, 7.09532, 3.89929, 1.74899, 0.760345, 0.49762, 0.281332
134217728, 1.82052, 1.98143, 2.43083, 3.77456, 7.974, 21.1228, 43.048, 48.9322, 62.2883, 82.4959, 95.8575, 95.4254, 97.4532, 97.3855, 95.5612, 63.24, 47.2126, 17.5096, 14.3879, 7.45293, 3.98453, 1.77537, 0.660781, 0.503553, 0.27128
