N, 4, 8, 16, 32, 64, 128, 256, 512, 1024, 2048, 4096, 8192, 16384, 32768, 65536, 131072, 262144, 524288, 1048576, 2097152, 4194304, 8388608, 16777216, 33554432, 67108864, 134217728, 268435456, 536870912, 1073741824, 2147483648
1024, 1.29802, 1.31936, 0.802089, 0.683037, 0.42954, 0.235456, 0.111575, -0.110191
2048, 1.29927, 1.304, 1.30574, 0.803356, 0.691814, 0.413314, 0.22051, 0.107617, -0.117728
4096, 1.28579, 1.29558, 1.30251, 1.30611, 0.77657, 0.669403, 0.401217, 0.22179, 0.108813, -0.11254
8192, 1.28044, 1.28068, 1.29415, 1.29319, 1.29912, 0.772327, 0.669987, 0.409547, 0.220533, 0.11017, -0.107961
16384, 1.28802, 1.2941, 1.28095, 1.29911, 1.29582, 1.30209, 0.776262, 0.668531, 0.410231, 0.221061, 0.113676, -0.107644
32768, 1.28106, 1.28695, 1.28953, 1.28828, 1.28935, 1.33122, 1.35959, 0.770422, 0.666232, 0.403576, 0.219599, 0.109175, -0.110368
65536, 1.28593, 1.29319, 1.295, 1.31881, 1.34611, 1.30959, 1.32589, 1.39414, 1.6037, 1.50215, 1.03779, 0.225252, 0.113622, -0.110351
131072, 1.29982, 1.29205, 1.29241, 1.29856, 1.31799, 1.29447, 1.3354, 1.33005, 1.40857, 2.0019, 1.83846, 1.08628, 0.222863, 0.112786, -0.111817
262144, 1.2885, 1.28885, 1.28743, 1.29511, 1.31659, 1.30142, 1.31694, 1.3283, 1.33644, 2.9573, 2.9259, 1.8187, 1.05556, 0.223055, 0.11303, -0.1081
524288, 1.28713, 1.29243, 1.30242, 1.29566, 1.31566, 1.38693, 1.4054, 1.45674, 1.32215, 2.92033, 3.09296, 2.89835, 1.84453, 1.08966, 0.218063, 0.110307, -0.111306
1048576, 1.28559, 1.28962, 1.28851, 1.2983, 1.31303, 1.47359, 1.49601, 1.74502, 1.51021, 2.9419, 3.10381, 3.07544, 2.48341, 1.73918, 1.17089, 0.226648, 0.108035, -0.107975
2097152, 1.28283, 1.28899, 1.28957, 1.29008, 1.31918, 1.47212, 1.48426, 1.81037, 1.75312, 3.45323, 3.11388, 3.01598, 2.3467, 2.53245, 1.7569, 1.08966, 0.222008, 0.109439, -0.104587
4194304, 1.28826, 1.30283, 1.28939, 1.29577, 1.32675, 1.47883, 1.49188, 1.80041, 1.79019, 3.97721, 3.65481, 3.02285, 2.79808, 2.69452, 2.49247, 1.81503, 1.00961, 0.221423, 0.122962, -0.103361
8388608, 1.29018, 1.29413, 1.29272, 1.29602, 1.32119, 1.47157, 1.48394, 1.80605, 1.78294, 4.04442, 4.0638, 3.62074, 3.40461, 3.4625, 2.33542, 2.47253, 1.84284, 1.0151, 0.222567, 0.130002, -0.105448
16777216, 1.29153, 1.29594, 1.30632, 1.31759, 1.36539, 1.54413, 1.50001, 1.82842, 1.77885, 4.05924, 4.07436, 4.0811, 3.43843, 2.96055, 3.19403, 2.6423, 2.41338, 1.66897, 1.06182, 0.221248, 0.145678, -0.104657
33554432, 1.29035, 1.30212, 1.37884, 1.56769, 2.93687, 5.65857, 4.39996, 4.11237, 1.81277, 4.21626, 4.49488, 4.6923, 3.89007, 3.50574, 3.44535, 2.86344, 2.51884, 2.48743, 1.84121, 1.04422, 0.221943, 0.143842, -0.101373
67108864, 1.29388, 1.30468, 1.42922, 1.74751, 3.05995, 6.22085, 5.90909, 5.99163, 4.38449, 4.24676, 4.54261, 5.01951, 2.82133, 2.9522, 3.48215, 4.19568, 4.31646, 4.18558, 2.39552, 1.74717, 1.08432, 0.24339, 0.152081, -0.0981363
134217728, 1.29362, 1.30906, 1.38377, 1.65536, 2.90823, 6.30676, 6.23883, 6.18329, 6.32393, 11.6929, 4.66081, 5.05087, 2.82125, 2.90337, 3.2982, 3.40318, 3.7912, 4.31807, 4.45072, 2.51859, 1.77684, 1.15941, 0.228072, 0.145016, -0.0911853
268435456, 1.29029, 1.30624, 1.39063, 1.62814, 2.9121, 6.30292, 6.30735, 6.13658, 6.60365, 16.462, 11.8652, 5.12157, 2.84129, 2.95505, 3.31378, 3.2458, 3.58309, 4.10573, 2.9084, 2.79256, 2.73288, 1.98939, 1.0896, 0.203672, 0.144152, -0.0966645
536870912, 1.29488, 1.31354, 1.3946, 1.61832, 2.8268, 6.15297, 6.19853, 6.0431, 6.66703, 17.8214, 17.5997, 13.2925, 2.9126, 2.97883, 3.25889, 3.23161, 3.57887, 4.07877, 4.32632, 4.32165, 4.81541, 3.57594, 1.86953, 1.11716, 0.587923, 0.247614, -0.103301
1073741824, 1.29753, 1.31573, 1.38312, 1.70978, 2.95033, 6.85041, 6.63138, 6.53594, 7.09179, 19.0109, 19.6516, 19.3096, 6.78259, 3.61455, 3.28634, 3.23718, 3.42197, 3.80294, 4.20132, 4.64587, 5.03703, 9.80811, 3.34337, 2.09036, 1.19577, 0.959279, 0.327191, -0.101704
2147483648, 1.30059, 1.32556, 1.37315, 1.70607, 2.976, 6.60738, 6.65369, 6.74503, 7.3082, 19.6797, 21.2939, 20.8399, 8.05328, 7.0937, 4.5845, 3.26284, 3.44041, 3.78152, 4.31282, 4.80578, 5.25944, 10.4372, 14.2271, 3.83403, 2.33561, 2.42421, 1.10978, 0.331796, -0.104603
