N, 4, 8, 16, 32, 64, 128, 256, 512, 1024, 2048, 4096, 8192, 16384, 32768, 65536, 131072, 262144, 524288, 1048576, 2097152, 4194304, 8388608, 16777216, 33554432, 67108864, 134217728
1024, 1.72657, 1.69783, 1.92439, 2.44174, 2.08185, 1.73695, 1.44491, 1.06189
2048, 1.71729, 1.68499, 1.67802, 2.11219, 2.41349, 2.13122, 1.74317, 1.46988, 1.06205
4096, 1.72543, 1.72728, 1.85183, 1.81443, 2.13026, 2.3098, 2.12444, 1.83882, 1.39512, 1.04035
8192, 1.687, 1.74201, 1.70093, 1.70228, 1.6665, 2.14718, 2.46869, 2.16485, 1.79697, 1.50562, 1.13305
16384, 1.72804, 1.67581, 1.75093, 1.71944, 1.72973, 1.78039, 2.09692, 2.45504, 2.29649, 1.80255, 1.4964, 1.04339
32768, 1.81159, 1.62382, 1.63272, 1.62945, 1.65407, 1.73084, 1.80035, 2.22833, 2.41287, 2.13932, 1.7384, 1.50701, 0.989737
65536, 1.7173, 1.70302, 1.71217, 1.76574, 1.74494, 1.77154, 1.689, 1.81736, 2.24116, 3.40778, 2.95383, 1.74668, 1.49095, 1.06248
131072, 1.72865, 1.67238, 1.64718, 1.71414, 1.74606, 1.77747, 1.69449, 1.74979, 1.79938, 3.17401, 3.50086, 3.02106, 1.7249, 1.41442, 1.01119
262144, 1.73078, 1.71238, 1.67096, 1.70197, 1.70292, 1.76466, 1.67556, 1.77865, 1.7392, 2.87582, 3.33667, 3.59742, 3.17083, 1.66925, 1.41529, 1.01713
524288, 1.76444, 1.76445, 1.66962, 1.67062, 1.65892, 1.70896, 1.73763, 1.77314, 1.69877, 2.81994, 3.03189, 3.30107, 3.51445, 3.21002, 1.63998, 1.41291, 1.02542
1048576, 1.736, 1.68318, 1.68974, 1.69499, 1.6937, 1.71378, 1.66396, 1.81165, 1.72604, 2.86689, 3.05641, 2.89459, 3.80161, 3.7374, 3.25412, 1.64977, 1.44759, 1.0212
2097152, 1.70245, 1.69824, 1.67755, 1.71909, 1.6733, 1.77537, 1.75884, 1.81307, 1.73463, 3.21053, 3.10393, 2.84336, 3.58904, 3.94025, 3.65228, 3.11757, 1.701, 1.61445, 1.14482
4194304, 1.74227, 1.76511, 1.79877, 1.86567, 1.82312, 1.79138, 1.88939, 1.77189, 1.78082, 3.82036, 3.35807, 2.94958, 3.68627, 3.58748, 3.84869, 3.70881, 2.98432, 1.69957, 1.53867, 1.01721
8388608, 1.85879, 1.78273, 1.85297, 1.80402, 1.80411, 1.88659, 1.82014, 1.87377, 1.80223, 3.84372, 3.99908, 3.50239, 3.78007, 3.61856, 3.58786, 3.96889, 3.62252, 2.9925, 1.72158, 1.51944, 1.07136
16777216, 1.8127, 1.82621, 1.73506, 1.88215, 1.94097, 2.21469, 2.14244, 1.90441, 1.80342, 3.84448, 3.95152, 3.92087, 3.92367, 3.90195, 3.8542, 3.73577, 4.50999, 4.06423, 3.29135, 1.73805, 1.47044, 1.01819
33554432, 1.79699, 1.79734, 1.7559, 1.94946, 2.53682, 4.97836, 4.58515, 4.18179, 1.89902, 3.94959, 4.14252, 4.21813, 3.99636, 3.99832, 3.95209, 3.91921, 3.8079, 4.53494, 4.3463, 3.04503, 1.67287, 1.48382, 1.05891
67108864, 1.87974, 1.76153, 1.79806, 2.029, 2.71491, 5.7773, 5.68313, 5.68738, 4.16318, 4.32958, 4.3773, 4.91754, 3.77825, 3.79945, 3.7583, 3.88209, 4.44666, 4.8252, 5.8676, 4.29648, 3.05077, 1.70708, 1.4749, 1.04411
134217728, 1.89025, 1.76113, 1.8333, 1.98431, 2.72095, 6.0119, 5.97542, 6.11344, 6.1584, 11.5522, 4.8744, 5.05304, 3.70748, 3.83946, 3.85457, 3.95662, 4.17575, 4.3453, 4.75649, 5.82711, 4.1095, 3.3384, 1.63402, 1.58172, 1.09671
